0000000000000000000000000000
0000000000000000000000001110
0000000000000000000000101011
1111111111111111111111110010
0000000000000000000000101100
0000000000000000000000001111
0000000000000000000000000010
0000000000000000000000000010
0000000000000000000000010010
0000000000000000000000101111
1111111111111111111111110111
0000000000000000000000110001
0000000000000000000000010110
0000000000000000000000001001
0000000000000000000000001010
0000000000000000000000011010
1111111111111111111111010100
0000000000000000000000000001
1111111111111111111111011000
0000000000000000000000100001
0000000000000000000000010101
0000000000000000000000010111
0000000000000000000000101000
1111111111111111111111100011
0000000000000000000000010000
1111111111111111111111101000
1111111111111111111111001110
0000000000000000000000100111
0000000000000000000000101001
1111111111111111111111010110
1111111111111111111111110110
0000000000000000000000100100
1111111111111111111111111101
1111111111111111111111100011
1111111111111111111111011000
1111111111111111111111011100
1111111111111111111111101110
0000000000000000000000001111
1111111111111111111111011001
0000000000000000000000010111
1111111111111111111111111110
1111111111111111111111110100
1111111111111111111111111000
0000000000000000000000001011
0000000000000000000000101100
1111111111111111111111111000
1111111111111111111111010001
0000000000000000000000011110
0000000000000000000000010100
0000000000000000000000011010
0000000000000000000000101101
1111111111111111111111101011
0000000000000000000000011011
1111111111111111111111110101
1111111111111111111111011110
1111111111111111111111010110
1111111111111111111111011011
1111111111111111111111110000
0000000000000000000000010010
1111111111111111111111011111
0000000000000000000000011111
0000000000000000000000001000
0000000000000000000000000000
0000000000000000000000000111
0000000000000000000000011100
1111111111111111111111011011
0000000000000000000000001101
1111111111111111111111101000
1111111111111111111111010011
0000000000000000000000110000
1111111111111111111111010011
1111111111111111111111101000
0000000000000000000000001101
1111111111111111111111011011
0000000000000000000000011100
0000000000000000000000000111
0000000000000000000000000000
0000000000000000000000001000
0000000000000000000000011111
1111111111111111111111011111
0000000000000000000000010010
1111111111111111111111110000
1111111111111111111111011011
1111111111111111111111010110
1111111111111111111111011110
1111111111111111111111110101
0000000000000000000000011011
1111111111111111111111101011
0000000000000000000000101101
0000000000000000000000011010
0000000000000000000000010100
0000000000000000000000011110
1111111111111111111111010001
1111111111111111111111111000
0000000000000000000000101100
0000000000000000000000001011
1111111111111111111111111000
1111111111111111111111110100
1111111111111111111111111110
0000000000000000000000010111
1111111111111111111111011001
0000000000000000000000001111
1111111111111111111111101110
1111111111111111111111011100
1111111111111111111111011000
1111111111111111111111100011
1111111111111111111111111101
0000000000000000000000100100
1111111111111111111111110110
1111111111111111111111010110
0000000000000000000000101001
0000000000000000000000100111
1111111111111111111111001110
1111111111111111111111101000
0000000000000000000000010000
1111111111111111111111100011
0000000000000000000000101000
0000000000000000000000010111
0000000000000000000000010101
0000000000000000000000100001
1111111111111111111111011000
0000000000000000000000000001
1111111111111111111111010100
0000000000000000000000011010
0000000000000000000000001010
0000000000000000000000001001
0000000000000000000000010110
0000000000000000000000110001
1111111111111111111111110111
0000000000000000000000101111
0000000000000000000000010010
0000000000000000000000000010
0000000000000000000000000010
0000000000000000000000001111
0000000000000000000000101100
1111111111111111111111110010
0000000000000000000000101011
0000000000000000000000001110
0000000000000000000000000000
